7.483714994828393197e-01 -2.456429876604839802e+00 3.329860411209742965e-01 1.485251282383276861e+00 9.006913783899309633e-01 -8.311140171351084405e+00
-2.456429876604839802e+00 9.467140560920725534e+00 -1.218149639481320712e+00 -9.097583244808769010e+00 -4.425725580440690088e+00 3.752084707103160355e+01
3.329860411209742965e-01 -1.218149639481320712e+00 1.620676853122172412e-01 8.946596684095885488e-01 5.401701523318556131e-01 -4.438559095767975471e+00
1.485251282383276861e+00 -9.097583244808769010e+00 8.946596684095885488e-01 2.345963599952889922e+01 5.870194451658769630e+00 -5.662708376018547085e+01
9.006913783899309633e-01 -4.425725580440690088e+00 5.401701523318556131e-01 5.870194451658769630e+00 3.447774065663167686e+00 -2.087212854526039152e+01
-8.311140171351084405e+00 3.752084707103160355e+01 -4.438559095767975471e+00 -5.662708376018547085e+01 -2.087212854526039152e+01 1.787565339701646394e+02
