import numpy as np


def get_Qt():
    Q = np.array([[8, -8.78923616e-005, 6.58307024e-004, -0.06
                      , -3.33741276e-003, 4.56413001e-002, -5.85050013e-004, 3.47651314e-010
                      , 9.03705177e-010, 5.24674036e-010, -5.75379005e-005, -3.67153964e-004
                      , 1.34307574e-003, 1.17145208e-009, -2.58345938e-318, -2.58494652e-318
                      , 0.00000000e+000, -2.85569943e-321, -1.87229424e-315, -2.24675309e-315
                      , -2.80844136e-315, 0.00000000e+000]
                     , [-8.78923616e-005, -16, -1.41774753e-005, 7.44817215e-005
                      , 2.21603330e-005, -1.19420113e-003, 5.01572204e-006, -7.21182445e-013
                      , 8.33334222e-012, 5.07912679e-012, 3.14989350e-006, 3.70013639e-006
                      , -3.60737677e-005, -3.38052054e-011, 1.28852320e-320, 1.28951134e-320
                      , 0.00000000e+000, 1.48219694e-323, 9.34006894e-318, 1.12080867e-317
                      , 1.40101059e-317, 0.00000000e+000]
                     , [6.58307024e-004, -1.41774753e-005, 10, -3.56715574e-004
                      , -1.07375608e-003, 9.59079465e-003, -1.78312423e-004, 1.17253242e-010
                      , 3.59890979e-010, 2.10208656e-010, -3.17474852e-006, -1.08561280e-004
                      , 2.77043700e-004, 2.27346214e-010, -8.96151090e-319, -8.96664919e-319
                      , 0.00000000e+000, -9.88131292e-322, -6.49460171e-316, -7.79352208e-316
                      , -9.74190256e-316, 0.00000000e+000]
                     , [-0.06, 7.44817215e-005, -3.56715574e-004, 0.2
                      , 6e-002, -2.96644531e-002, 1.91431051e-004, -8.57263145e-011
                      , -3.28352575e-011, -1.51666872e-011, 6.86366110e-005, 1.36015576e-004
                      , -8.92630667e-004, -8.48056713e-010, -2.44537791e-319, -2.44681070e-319
                      , 0.00000000e+000, -2.71736105e-322, -1.77224909e-316, -2.12669890e-316
                      , -2.65837362e-316, 0.00000000e+000]
                     , [-3.33741276e-003, 2.21603330e-005, -1.07375608e-003, 6.32377905e-004
                      , 0.1, -5.23436015e-002, 1.66652692e-003, -1.18767971e-009
                      , -4.07905798e-009, -2.39070524e-009, -9.47675336e-005, 9.83349180e-004
                      , -1.44602661e-003, -9.92961503e-010, 9.70479314e-318, 9.71037114e-318
                      , 0.00000000e+000, 1.07311058e-320, 7.03329029e-315, 8.43994835e-315
                      , 1.05499354e-314, 0.00000000e+000]
                     , [4.56413001e-002, -1.19420113e-003, 9.59079465e-003, -2.96644531e-002
                      , -5.23436015e-002, 6.49204640e-001, -9.02868972e-003, 5.50465980e-009
                      , 1.50134335e-008, 8.73245498e-009, -7.04232953e-004, -5.62142509e-003
                      , 1.90369403e-002, 1.64127016e-008, -4.15734206e-317, -4.15973086e-317
                      , 0.00000000e+000, -4.59728083e-320, -3.01292263e-314, -3.61550716e-314
                      , -4.51938395e-314, 0.00000000e+000]
                     , [-5.85050013e-004, 5.01572204e-006, -1.78312423e-004, 1.91431051e-004
                      , 1.66652692e-003, -9.02868972e-003, 3.52773424e-004, -2.81108671e-010
                      , -9.61882322e-010, -5.64758573e-010, -2.49392006e-005, 2.16986656e-004
                      , -2.47976964e-004, -2.00823847e-010, 4.38152237e-319, 4.38404210e-319
                      , 0.00000000e+000, 4.84184333e-322, 3.17537537e-316, 3.81045046e-316
                      , 4.76306303e-316, 0.00000000e+000]
                     , [3.47651314e-010, -7.21182445e-013, 1.17253242e-010, -8.57263145e-011
                      , -1.18767971e-009, 5.50465980e-009, -2.81108671e-010, 2.34809613e-016
                      , 8.14826902e-016, 4.78842765e-016, 2.49812957e-011, -1.74334291e-010
                      , 1.47082628e-010, 1.23003285e-016, 0.00000000e+000, 0.00000000e+000
                      , 0.00000000e+000, 0.00000000e+000, 3.45845952e-323, 3.95252517e-323
                      , 4.94065646e-323, 0.00000000e+000]
                     , [9.03705177e-010, 8.33334222e-012, 3.59890979e-010, -3.28352575e-011
                      , -4.07905798e-009, 1.50134335e-008, -9.61882322e-010, 8.14826902e-016
                      , 2.86615015e-015, 1.68494583e-015, 9.80770114e-011, -5.94160138e-010
                      , 3.86487630e-010, 3.09086611e-016, 0.00000000e+000, 0.00000000e+000
                      , 0.00000000e+000, 0.00000000e+000, 1.13635099e-322, 1.33397724e-322
                      , 1.67982320e-322, 0.00000000e+000]
                     , [5.24674036e-010, 5.07912679e-012, 2.10208656e-010, -1.51666872e-011
                      , -2.39070524e-009, 8.73245498e-009, -5.64758573e-010, 4.78842765e-016
                      , 1.68494583e-015, 9.90559002e-016, 5.78423798e-011, -3.48880803e-010
                      , 2.24435470e-010, 1.79450969e-016, 0.00000000e+000, 0.00000000e+000
                      , 0.00000000e+000, 0.00000000e+000, 7.41098469e-323, 8.89318163e-323
                      , 1.08694442e-322, 0.00000000e+000]
                     , [-5.75379005e-005, 3.14989350e-006, -3.17474852e-006, 6.86366110e-005
                      , -9.47675336e-005, -7.04232953e-004, -2.49392006e-005, 2.49812957e-011
                      , 9.80770114e-011, 5.78423798e-011, 6.09888433e-006, -1.49856521e-005
                      , -2.32764681e-005, -2.26786380e-011, 4.47475255e-320, 4.47722288e-320
                      , 0.00000000e+000, 4.94065646e-323, 3.24306469e-317, 3.89167703e-317
                      , 4.86459653e-317, 0.00000000e+000]
                     , [-3.67153964e-004, 3.70013639e-006, -1.08561280e-004, 1.36015576e-004
                      , 9.83349180e-004, -5.62142509e-003, 2.16986656e-004, -1.74334291e-010
                      , -5.94160138e-010, -3.48880803e-010, -1.49856521e-005, 1.34205660e-004
                      , -1.54920564e-004, -1.29010996e-010, 1.57750220e-319, 1.57839152e-319
                      , 0.00000000e+000, 1.72922976e-322, 1.14324073e-316, 1.37188888e-316
                      , 1.71486105e-316, 0.00000000e+000]
                     , [1.34307574e-003, -3.60737677e-005, 2.77043700e-004, -8.92630667e-004
                      , -1.44602661e-003, 1.90369403e-002, -2.47976964e-004, 1.47082628e-010
                      , 3.86487630e-010, 2.24435470e-010, -2.32764681e-005, -1.54920564e-004
                      , 5.59616958e-004, 4.84955016e-010, -1.17665686e-318, -1.17732879e-318
                      , 0.00000000e+000, -1.29939265e-321, -8.52749844e-316, -1.02329981e-315
                      , -1.27912477e-315, 0.00000000e+000]
                     , [1.17145208e-009, -3.38052054e-011, 2.27346214e-010, -8.48056713e-010
                      , -9.92961503e-010, 1.64127016e-008, -2.00823847e-010, 1.23003285e-016
                      , 3.09086611e-016, 1.79450969e-016, -2.26786380e-011, -1.29010996e-010
                      , 4.84955016e-010, 4.36564356e-016, 0.00000000e+000, 0.00000000e+000
                      , 0.00000000e+000, 0.00000000e+000, -3.50786609e-322, -4.19955799e-322
                      , -5.23709585e-322, 0.00000000e+000]
                     , [-2.58345938e-318, 1.28852320e-320, -8.96151090e-319, -2.44537791e-319
                      , 9.70479314e-318, -4.15734206e-317, 4.38152237e-319, 0.00000000e+000
                      , 0.00000000e+000, 0.00000000e+000, 4.47475255e-320, 1.57750220e-319
                      , -1.17665686e-318, 0.00000000e+000, 0.00000000e+000, 0.00000000e+000
                      , 0.00000000e+000, 0.00000000e+000, 0.00000000e+000, 0.00000000e+000
                      , 0.00000000e+000, 0.00000000e+000]
                     , [-2.58494652e-318, 1.28951134e-320, -8.96664919e-319, -2.44681070e-319
                      , 9.71037114e-318, -4.15973086e-317, 4.38404210e-319, 0.00000000e+000
                      , 0.00000000e+000, 0.00000000e+000, 4.47722288e-320, 1.57839152e-319
                      , -1.17732879e-318, 0.00000000e+000, 0.00000000e+000, 0.00000000e+000
                      , 0.00000000e+000, 0.00000000e+000, 0.00000000e+000, 0.00000000e+000
                      , 0.00000000e+000, 0.00000000e+000]
                     , [0.00000000e+000, 0.00000000e+000, 0.00000000e+000, 0.00000000e+000
                      , 0.00000000e+000, 0.00000000e+000, 0.00000000e+000, 0.00000000e+000
                      , 0.00000000e+000, 0.00000000e+000, 0.00000000e+000, 0.00000000e+000
                      , 0.00000000e+000, 0.00000000e+000, 0.00000000e+000, 0.00000000e+000
                      , 0.00000000e+000, 0.00000000e+000, 0.00000000e+000, 0.00000000e+000
                      , 0.00000000e+000, 0.00000000e+000]
                     , [-2.85569943e-321, 1.48219694e-323, -9.88131292e-322, -2.71736105e-322
                      , 1.07311058e-320, -4.59728083e-320, 4.84184333e-322, 0.00000000e+000
                      , 0.00000000e+000, 0.00000000e+000, 4.94065646e-323, 1.72922976e-322
                      , -1.29939265e-321, 0.00000000e+000, 0.00000000e+000, 0.00000000e+000
                      , 0.00000000e+000, 0.00000000e+000, 0.00000000e+000, 0.00000000e+000
                      , 0.00000000e+000, 0.00000000e+000]
                     , [-1.87229424e-315, 9.34006894e-318, -6.49460171e-316, -1.77224909e-316
                      , 7.03329029e-315, -3.01292263e-314, 3.17537537e-316, 3.45845952e-323
                      , 1.13635099e-322, 7.41098469e-323, 3.24306469e-317, 1.14324073e-316
                      , -8.52749844e-316, -3.50786609e-322, 0.00000000e+000, 0.00000000e+000
                      , 0.00000000e+000, 0.00000000e+000, 0.00000000e+000, 0.00000000e+000
                      , 0.00000000e+000, 0.00000000e+000]
                     , [-2.24675309e-315, 1.12080867e-317, -7.79352208e-316, -2.12669890e-316
                      , 8.43994835e-315, -3.61550716e-314, 3.81045046e-316, 3.95252517e-323
                      , 1.33397724e-322, 8.89318163e-323, 3.89167703e-317, 1.37188888e-316
                      , -1.02329981e-315, -4.19955799e-322, 0.00000000e+000, 0.00000000e+000
                      , 0.00000000e+000, 0.00000000e+000, 0.00000000e+000, 0.00000000e+000
                      , 0.00000000e+000, 0.00000000e+000]
                     , [-2.80844136e-315, 1.40101059e-317, -9.74190256e-316, -2.65837362e-316
                      , 1.05499354e-314, -4.51938395e-314, 4.76306303e-316, 4.94065646e-323
                      , 1.67982320e-322, 1.08694442e-322, 4.86459653e-317, 1.71486105e-316
                      , -1.27912477e-315, -5.23709585e-322, 0.00000000e+000, 0.00000000e+000
                      , 0.00000000e+000, 0.00000000e+000, 0.00000000e+000, 0.00000000e+000
                      , 0.00000000e+000, 0.00000000e+000]
                     , [0.00000000e+000, 0.00000000e+000, 0.00000000e+000, 0.00000000e+000
                      , 0.00000000e+000, 0.00000000e+000, 0.00000000e+000, 0.00000000e+000
                      , 0.00000000e+000, 0.00000000e+000, 0.00000000e+000, 0.00000000e+000
                      , 0.00000000e+000, 0.00000000e+000, 0.00000000e+000, 0.00000000e+000
                      , 0.00000000e+000, 0.00000000e+000, 0.00000000e+000, 0.00000000e+000
                      , 0.00000000e+000, 0.00000000e+000]])

    return Q


def get_Q_onefin():
    Q_tmp = 0.001 * np.array([
        [-0.3, 3e-02, 3e-03, -2, -2, 2.7e-03],
        [3e-02, 3.4e-04, 3e-03, 3.3e-04, 3.3e-04, - 2.4e-03],
        [3e-03, 3.e-04, 3.9e-01, 3e-04, 3e-03, - 1.4e-03],
        [-2, 3.3e-04, 3e-03, -3e-01, -3.2e-02, -2e-03],
        [-2, 3.3e-04, 3e-04, -3.2e-02, -3.2e-01, - 2.2e-03],
        [2.7e-03, - 2.4e-03, -1.4e-03, -2e-03, -2.2e-03, 7e-01]])
    # Good 2
    # Q_tmp = 0.001 * np.array([
    #     [-0.3,    3e-02,     3e-03,     -2,    -2,  2.7e-03],
    #     [3e-02,   3.4e-04,   3e-03,     3.3e-04,  3.3e-04,  - 2.4e-03],
    #     [3e-03,   3.e-04,    3.9e-01,   3e-04,    3e-03,    - 1.4e-03],
    #     [-2,   3.3e-04,   3e-03,     -3e-01,    -3.2e-02,  -2e-03],
    #     [-2, 3.3e-04,   3e-04,     -3.2e-02,  -3.2e-01,  - 2.2e-03],
    #     [2.7e-03, - 2.4e-03, -1.4e-03, -2e-03,   -2.2e-03,  7e-01]])
    Q = np.zeros([10, 10])
    Q[:6, :6] = Q_tmp
    return Q
